Sample	        Na	K	Ca	Mg	Si
	 ---------------umol/L--------------------------									
NEP22-8         66.855	8.566	18.746	4.846	205.300  0.046
NEP22-9         17.666	5.844	14.644	4.750	101.172  0.145
NEP22-10        79.184	8.534	32.139	9.360	203.687  0.085
NEP22-11        90.182	10.294	37.762	10.695	224.602  0.159
NEP22-12        52.226	7.667	26.131	6.257	178.900  0.051
NEP22-13        73.101	9.872	39.341	10.905	188.492  0.125
NEP22-14       130.575	7.026	38.244	16.399	307.914  0.207
NEP22-15       109.503	11.749	81.760	16.052	241.745  0.074
NEP22-16        44.844	7.993	34.320	9.443	180.652  0.239
NEP22-17        70.187	9.192	36.632	9.765	187.529  0.113
NEP22-18        114.136	14.866	57.335	16.228	263.718  0.065
NEP22-19        69.611	10.246	39.833	10.479	189.838  0.060
NEP22-20        52.120	7.670	27.529	7.691	162.294  0.370
NEP22-42       145.215	18.790	68.745	14.682	286.947  0.013
NEP22-43       116.578	16.415	71.675	15.475	233.771  0.240
NEP22-45       197.853	16.350	80.308	17.528	331.499  0.099
NEP22-53       144.646	21.667	78.582	21.640	284.610  0.278
NEP22-54       137.927	19.466	72.954	20.041	274.895  0.033
NEP22-55       133.337	19.449	71.936	19.662	272.222  0.084
NEP22-56       206.885	22.396	105.987	15.552	389.067  0.052
NEP22-57       277.927	35.979	156.669	34.939	462.267  0.056
NEP22-58       181.119	17.849	80.228	12.827	361.243  0.085
NEP22-59       134.565	19.014	62.533	14.325	271.538  0.092
NEP22-60       170.213	27.700	99.546	26.503	287.299  0.070
NEP22-46        63.587	16.597	74.297	20.240	161.163  0.107
NEP22-47        98.653	12.526	47.070	11.534	253.937  0.014
NEP22-48        89.124	9.267	32.253	8.539	222.198  0.062
NEP22-49       142.251	15.774	77.019	19.057	308.444  0.051
NEP22-50       180.399	26.348	99.208	26.074	368.840  0.054
NEP22-51       163.657	19.443	78.311	21.801	333.026  0.224
NEP22-52       109.624	10.772	33.606	12.034	312.748  0.504
Difference     247.100  24.57   118.86  23.065  350.00   0.1
Initial          7.13   3.938     7.463 4.691   100.00   0.1
